-481552
285682
-40490
417605
-13075
-205991
-59216
-403908
142104
-2608
-397246
344866
271394
460021
-171666
281990
464662
290439
-40964
-235750
121984
439071
-309907
306854
43013
32441
-164663
-194157
491166
185683
-260290
-283333
-283883
450234
-68208
-198655
361667
266826
-471701
84686
330473
138090
255329
-19612
-257229
156830
306226
49318
388845
282671
-35577
167574
143093
-147987
245339
220073
410980
286162
437034
-274866
35185
251551
496698
52498
461483
-491520
-453457
236014
-444190
377531
-241745
-464501
-55369
476424
-177835
-12225
415575
-194252
-254309
-320543
-406085
80505
296633
-54169
-190184
-117947
466100
16973
145765
62285
-489634
-160472
129129
-361936
-469504
304588
225706
-340758
-172760
388499
79830
418749
403233
-366823
-126801
-381077
-346335
326930
-483440
382187
62003
354398
-463196
180933
-208480
62309
-89273
-479571
-147269
-128084
44102
-399732
-464717
272804
-288471
138312
-22983
91857
-466638
-346178
289432
145743
324234
-72423
431802
310253
288235
-125493
-125895
-424298
158849
351204
467346
117183
499278
-182425
-35618
-162972
79171
195558
-77043
-355286
195121
-32911
-379596
-354341
-238638
-341079
-240957
-469070
403069
-102349
-336030
-434430
178298
-385724
327491
138330
-446334
186987
-366621
-270949
420988
-65765
-413602
448821
407113
-238958
-429108
-155120
-291574
-133751
347980
458151
-59652
236700
-170880
352495
401322
191741
-289668
254659
-184883
304796
-260526
-406516
-441870
239187
262002
87420
371259
-457466
167660
-421037
150645
439785
458340
-400388
337472
288277
-207337
62900
13704
92293
-424346
352879
-289480
-208417
209720
324591
196611
-105767
-144377
-237615
446903
190308
-129240
-39391
235254
261774
190342
-2350
332809
30148
-133755
236619
-420764
124218
260202
-226371
-244894
-116160
-479433
345507
13177
292460
-36076
134503
333702
-371914
192301
-264617
-106840
-272022
372578
361359
-122951
76466
210809
141438
163993
62789
-307948
-191750
219795
398237
-147939
309721
231514
-317906
128107
177600
240822
466833
-63894
117737
-448531
-129524
-318638
-88654
-27208
-490824
487669
341661
67271
-455889
257323
-407449
157805
-185059
-498540
304763
-443778
-891
202274
378385
455646
417474
449478
-222861
356536
-393495
422264
-159171
-155438
-314820
123520
104357
-419342
485610
27814
477542
-199420
-390379
-27462
365205
-201375
87489
-66904
-196537
-340422
161391
-92144
-165052
433979
151097
-70045
225739
472227
417840
212994
239062
-220484
-314309
-37674
8216
112865
-285843
403783
365679
-379459
298867
-21217
-139909
-154970
180209
493926
-190848
-194528
135760
155560
-237195
-82448
-44312
-318379
-324709
176131
27062
141031
-5164
-453591
-40001
-485943
297296
-396489
161216
251469
-230257
-432264
-387005
-386558
144604
424173
387864
-339997
68608
-420424
-3291
481379
-206851
-168779
296013
142177
-253237
38022
-489301
422422
-253558
486194
-78670
408274
308003
303148
-304948
-170588
-424069
-498727
336540
415841
255090
298367
-185078
-389420
440932
-259605
-172417
456083
-352312
440432
-226830
-307690
138213
-90233
-181467
-20654
-419465
446922
-116243
407587
297629
292824
408327
263254
465265
-118845
-343771
-128798
292004
-484649
148080
145125
250620
372573
-238670
322225
-76669
423309
-441042
396985
339361
-331124
5432
-33146
288191
-9345
150195
353683
-471924
-272567
-144265
-275148
-196329
-56877
345317
-132131
126517
461438
-235753
-370663
134085
95805
229885
-19182
-337745
269806
-272323
-360554
-141288
-326200
26107
-175699
-335883
377849
405893
149239
-174826
374776
262450
-110465
262360
467591
437037
461992
131329
271910
-391159
-349434
-382324
-120478
404362
266954
157537
199808
162918
-385574
-94660
-110150
204598
261956
-135072
-102039
-174817
-301284
403471
-38122
-373016
-433490
-305725
8889
471485
379044
-154252
-254945
-184896
236312
309380
-444855
-354134
428212
457486
-209845
244953
-269615
427984
305957
358236
25309
496077
181879
131369
-350208
473297
-435472
-260354
-344234
273262
177710
-132685
-348464
234335
-240759
255012
66162
-493996
136121
-147293
-328258
-172735
-274619
867
-202570
-26417
-366676
-143290
317114
206962
199679
-99886
136346
72430
-164494
-102421
453293
424208
318761
39754
437331
295010
340912
17847
-280643
267445
339050
434457
427589
335724
51338
58661
-227805
-287190
-431235
-477982
-413648
218979
43735
-379570
349665
-326124
304788
-441740
92674
-184732
193972
443629
157329
93731
-275874
414457
-416634
-340356
72207
279475
61437
-407908
-392950
-293574
413894
326201
-469450
266986
483852
-219927
-187175
216274
-468199
-276641
164230
-133376
-152142
-198968
-464197
265939
381582
-389360
-481694
-282660
50521
-368106
84271
438007
140163
-310306
366602
-486361
-82599
299398
410076
177050
-489406
260054
6851
-195663
-817
-293036
229916
-246196
-14334
-147150
-382344
235791
-187124
-324542
268599
-306382
-49094
-108062
-63131
374367
306666
316193
265168
-345778
-60931
295160
-344585
340704
168676
-34436
-219641
-208695
43809
360528
387858
-58865
-279400
-212521
224181
286380
-51074
157750
134589
315256
280682
-411823
-483728
168212
126009
-186776
-41949
-381070
134196
-254792
-277989
-342893
77154
282816
6910
-78684
215297
362155
-26167
11145
-215206
482222
427007
-107851
153614
301544
-239025
216530
-494681
-34082
-364362
-148174
-396820
-79941
-162565
258435
-77494
487319
-60428
-122230
-268503
-252905
337071
-39975
375220
329469
-56058
198023
-306845
-459083
-202429
-459814
-444366
244386
-301820
50590
135223
-233951
484544
346671
-147003
477636
-383214
200957
-99649
280834
108214
485420
-107529
232525
4889
452155
-163144
-450314
367854
82704
-162532
-36357
173031
222331
-476916
166530
96893
204397
-242161
-164506
-243838
3103
11866
49067
-365267
12242
-103277
-381733
-325173
21125
-259444
-361028
-420147
-71073
317816
280256
270058
298996
431981
390203
304818
-124549
-304494
-77535
-168550
333335
-333242
-448867
-407180
206880
-41982
-145487
-369947
23117
76082
476299
202294
429161
325654
-138949
-18254
480032
408808
216302
-308656
-325618
191101
33396
-333363
-474618
-142923
448888
-21914
499136
-208377
339377
-245946
-132308
-337612
-470758
-135073
-188672
373105
422667
160765
-470223
309798
-195943
311567
-70595
-82231
326200
225370
385731
361711
-466615
45404
172875
-334818
-61823
-386737
-249635
-113748
-18669
430086
176327
-332923
-29483
62170
-32710
-172214
222556
-304436
399992
279889
389270
106526
253071
42411
-160397
34007
-152776
-32832
8174
-32638
-132425
-317968
204898
-83387
99678
-119097
-460056
294424
-434140
486797
217002
-305269
260157
479664
405030
-12978
-487699
-237706
349841
-290730
139977
343277
165448
434998
-223351
125064
-197319
-452008
-352666
475503
-193827
35252
-182340
383371
368134
216804
111144
-43773
37512
470089
-61730
324372
-399941
-269339
-469525
-185675
-412772
-174208
-342899
-162820
372387
118198
-436815
-224904
79631
90508
-232881
361980
296670
206010
228654
311434
35965
-13919
-387834
-269372
-183064
272587
340232
464160
95275
196997
174124
-252310
-2091
-403343
-141202
157562
454410
-58942
-493973
-269017
-182251
-85333
244046
-345358
266604
-373344
-4959
220653
-371421
23547
-328996
497211
280490
-361764
247737
224336
-65868
-39922
-250276
29922
71535
-486670
-445533
-227265
152096
58240
256785
64212
44818
-383918
411798
305473
-36146
-156292
-152376
-375328
18488
108988
134123
-376949
-430413
-428224
204289
11585
257065
-302957
-89020
-70731
76575
-201667
-106332
158534
167
213421
-241255
-110573
283557
360802
-401105
331119
108219
138770
-298530
325190
481842
36771
390745
-208500
13203
311485
211449
389964
-88512
-492779
246595
-359153
-94686
-378675
56650
-168076
-467101
93449
-159985
318222
-367787
-173073
414870
-346315
247349
127789
-290851
-197796
65304
-291607
441150
-193921
-52812
-326283
23669
-399177
-50025
-228369
-118925
-57536
-440555
7087
-180534
-497879
-485677
-356871
41871
-399260
-112897
238404
378115
-31955
233919
-361325
-396842
146372
-207320
228799
-203600
-437714
98396
-424693
456430
166793
-458201
-81275
13741
257471
220354
301175
-439052
289826
-197515
-296022
451684
-429793
-226939
96465
445206
-190698
34433
472295
-271005
173366
-486838
287914
-143618
-126312
-429917
-203785
252262
401238
-444052
340100
-124403
-296358
-305973
-159998
-285423
68780
-137670
158466
446085
101191
-44435
-314869
-388483
-121171
-456681
-419214
28624
-163067
-184662
-269522
-169978
-109487
-334558
-328650
60134
-112843
442686
-449894
459517
-188274
-26977
-289012
22971
59910
60814
353040
358487
-473348
76128
137184
494242
-124869
-236665
-64744
-446291
-297789
256866
313173
1978
247968
411484
411668
-454235
-323925
111596
162830
13229
-448762
-454128
340030
-304119
266916
293327
150648
-404468
-18585
97034
205607
-488459
-377273
-9348
114176
-352120
348755
-118580
-417816
434526
260825
407995
-237874
217220
132912
305731
131412
-416664
-254161
90904
266856
-299190
-71881
391170
1421
-427824
203205
-418031
263731
202033
147159
403781
205942
459867
246405
-490611
-423316
-217167
476646
-20935
128363
-399341
492320
-150147
334639
-47450
-152583
285223
89616
-461383
233160
463649
-406309
-35434
187007
-240504
-100822
-43770
-122484
469700
107242
435174
-434992
67187
458496
-85672
306869
34838
198172
-226068
464445
-159225
-270533
266389
-452380
16297
225893
366586
247179
116422
211674
-91098
41437
-17848
116390
-132029
200801
-183737
457649
456336
-204848
-328098
419846
38329
-317148
-106103
-120978
-437240
126072
43971
397178
-169322
256028
110308
-181951
342061
-101286
-62528
-241784
426096
-413570
267199
-22072
-285234
244896
-345949
88219
-335651
88838
-150017
-430972
150209
-344036
433315
66676
166254
446522
96505
174555
13153
-44569
-255242
-61787
-106390
-465676
344326
52650
-50365
-419975
18771
-192431
-229168
-435255
-245634
-242648
377141
43522
393269
330269
-367641
117133
-302690
-444585
486309
-319006
370164
-122574
-459352
241282
-228644
8346
409230
-305128
-30554
265258
161181
23477
453060
350680
428250
-435951
406230
-349642
-316496
-311859
228739
-124661
-375747
-113006
-301015
239017
450934
114062
-157051
-414279
-121353
-175695
154921
223408
499416
182302
-32173
-94972
-221093
99787
-362661
370238
-212394
-384992
9780
465304
4371
-150909
-401402
449377
122362
245005
311172
153459
-233686
-56034
174801
-445934
48344
-373753
175115
-261028
14310
-72703
268227
-352393
155730
-127713
-285856
34178
94113
433602
-160009
158787
104293
230333
488928
-261433
86785
-347092
262232
-499681
417901
241859
-458048
-406838
250782
-41213
111720
59443
-75300
203713
49787
55065
-156712
217092
31871
-341412
268667
-355452
20633
263566
-181871
-159033
-236438
60771
-377166
31695
-290007
-492335
244026
115486
174152
-223370
-50024
98285
294129
2552
493909
-497186
-451964
136472
-323896
252366
414037
316652
248711
-346921
-325565
226678
239638
-301084
-289091
488156
364014
-35742
40687
-292023
-468772
-324931
-413997
389611
-289844
-144292
473610
-375522
-160180
-431012
-422533
-132910
410463
-96727
-47005
-48527
-326859
-431876
12231
21956
351906
276980
-312623
-87898
-39501
121775
-110703
27513
159841
187031
116941
306987
-467061
-236641
177115
-415566
307907
204965
74400
-254837
119235
391017
434484
440799
344691
429586
-454460
-19568
294409
-271321
-412978
-424851
407036
191698
-229161
-14860
-319450
398560
132694
461685
183209
-127140
-451066
-115792
124900
273922
-483407
348817
-90564
-43981
-438267
410526
402339
-336108
-406341
-49622
-48725
389316
-82320
177934
195071
-296910
338775
178740
53666
456832
-110107
322033
79811
27354
262800
351488
322877
-225184
349201
128693
413468
-299280
239619
359841
451283
24680
55966
458677
-289135
-176549
-369254
-198088
466268
31774
461734
-485933
-304920
-486088
355390
-213183
80288
-52547
-492798
44936
-183644
478867
-476780
-278634
-95694
95748
246363
372712
116748
231794
-497016
-72719
214725
-333792
-33412
-102536
-172817
-60404
-140346
270087
484987
42999
409653
160503
-319074
-313654
-213557
-231268
10556
-238692
-434795
78053
-453744
447242
215357
-88701
-434612
14012
-437935
382999
-140573
38296
-360815
454504
-269899
139234
222893
-333747
-204859
-190967
-464832
-321956
-338701
293440
172948
-8636
-450055
-325185
-59034
-370530
442190
-438743
-35855
-70543
-208476
99723
-156651
-223887
-248278
346457
-4949
-86955
-408148
78757
-7153
191313
431784
-327537
72424
-470322
393752
3900
86625
494138
349299
361139
-342678
-157771
-114044
-462429
-128972
-268790
481416
-354545
-219685
224125
-338464
413709
-415825
-238432
140531
214964
204872
5811
212556
14570
93690
-260105
-59299
-318410
-326576
75147
-213764
-279362
486653
-434554
149623
-358776
168153
55207
-246366
-184435
235097
-408357
-410437
81376
-229383
-352853
-283305
-283700
223069
71326
98961
-414931
239475
337246
322551
-459944
137642
370570
126516
459789
40715
398367
98637
-173117
-16613
207420
-57558
-114170
-194431
133043
-365689
54125
-15804
-458488
-444781
-223165
430316
159576
31739
53819
177544
-159357
-162935
-33123
-376635
-299987
-39757
317468
114134
440488
-28360
-26150
-406220
-316206
398212
456887
-316035
222795
-364893
-197121
318218
476317
-53115
-286302
285995
81752
-155261
420697
-377848
410073
-196527
-289189
-148952
397593
104643
345331
-484452
-211135
-184706
-112027
312388
442222
455083
-427566
65315
-114772
5278
253673
174394
494807
-423373
189655
-17623
170925
-32882
37658
346049
-407752
464751
-181530
192211
-109515
-442265
-10655
-257221
-91192
-364326
247730
482860
-112435
271822
435792
-409500
317114
-383265
-217932
294359
-178365
415320
-271869
-321503
243687
-177382
-291494
-294285
-31224
312513
-177861
-83403
-436661
-114033
-328516
316794
-495022
-333464
340732
121879
209290
420505
-286377
-76971
201565
242711
73630
194284
-493777
409182
-285421
-149777
-97616
-423740
195912
9335
-341649
-491862
443493
445287
-134092
397964
-153992
54859
-446424
157893
318870
-446169
12669
-266305
314917
371312
231040
-10702
-5530
-218275
411916
-413794
-90121
323262
-317273
-188213
220602
420359
212895
408466
-314728
-9698
-122602
483673
-102323
316301
-209578
454841
-57998
345103
-122869
-56300
-184948
25096
247690
109156
115276
-348600
3980
-82043
57943
274578
-339899
257991
-219519
483806
-462105
-134712
-496987
330154
-199629
29812
236647
303507
475466
-22412
361738
42636
252025
-325728
357961
206834
99325
279720
-8951
-248177
244448
-273555
175205
-22818
245500
-485568
-494254
468348
-182204
88016
489424
78008
-193188
157201
214136
-327547
-8795
86547
295431
-24710
-107555
5802
-5664
129532
-182115
296590
-392798
-123361
155105
-40484
70839
-144746
80066
-271947
-2732
-213262
334540
-299309
-383995
439798
-393229
254254
-170485
228998
-486984
468331
496415
-443822
186648
390911
417392
-174520
-44983
115509
15266
-421051
-273842
-160055
-323303
-493768
14103
312684
66752
-76679
-44052
276524
-247949
-165244
370783
-142991
-431601
284170
-65264
312109
-487048
381767
-37841
-294570
426295
-233433
-115181
-233486
-449017
-48779
397231
-319634
-364104
-342639
-156132
446077
392057
491750
25570
183381
-314939
375950
-166629
-300210
-187106
24385
-255790
105814
45186
-496534
-373835
-90724
-399677
214145
262101
-29051
202089
142653
-489500
404619
-63158
-346571
331354
82566
-324972
-323621
-416859
-417156
400012
-337349
-24353
141223
-91463
52049
-135817
85813
-111320
-357486
120750
345606
213647
-320478
115379
-398359
151429
110215
-299425
361225
-55688
232389
-455864
-478394
-473642
-478937
-147912
235254
-492572
-147339
366113
-7795
-171607
193259
452490
464304
-231374
-475309
-161594
-404668
343049
80354
446395
352155
97997
56576
-470156
81087
-410759
-387956
-330588
-458645
-168927
-297624
-174897
396760
-201109
146934
-259244
-377139
166307
162747
367918
-343908
26184
-103079
-22437
-129340
-490448
-467417
288552
-106719
377852
465253
-309711
181204
-79265
-17018
146595
-227037
302381
132894
8152
212756
103534
354277
-383852
-264356
140066
97505
-53897
-22552
-353258
-364156
-130874
-437651
-68536
373519
-110874
-171826
207485
-227066
-12709
-111077
-158577
-231862
-319425
166008
-152284
81707
55233
-462185
-142547
-468099
188246
-136951
-82358
451467
-201389
-339581
24233
-108430
198781
-435777
471583
195906
-316233
-169819
461409
370798
387784
156822
-44841
-481617
-382758
-78738
116055
-277167
-43361
327096
-375030
192087
-61162
99158
337140
-309976
418997
336528
188197
250954
285634
-495108
-115741
-412671
-17046
-259429
-345605
488090
-293595
99714
-97337
-481182
145591
110510
57201
-13289
-216237
-152499
299187
394564
-372885
89582
81078
275644
-253892
-116653
148145
-355580
-269428
402765
349924
38215
345831
-315090
-490909
-223030
38077
-78395
444003
401134
325825
216966
408250
465208
-426061
-129035
-220648
61160
-377527
-104654
-366688
396593
291528
231434
-232977
-171990
-67361
244120
476883
424681
-56462
286235
-475301
-246224
284585
-224688
-225923
242620
363224
-66957
-69824
276740
-8650
-324261
219825
449739
-429201
326255
145038
-33655
-489879
-257631
-230915
218024
-469594
-125754
479428
-381948
-8323
388344
-22279
-367258
170490
45098
-408909
270664
47588
-132292
15857
-450152
497618
440905
290822
-294005
-329395
-289989
-307153
-82170
44680
-336961
57305
-22351
-8253
-405238
267798
-169607
391671
-230856
199757
302169
386256
122260
482985
-470249
-195929
159305
-203438
-10818
-83892
-314549
-176125
148130
-314182
-187695
-101108
-66046
417009
452225
-474926
158177
-495564
132408
263918
-236143
-259104
-47752
-119842
134960
242450
467555
-326341
82006
-341423
271366
488182
141719
-496279
139515
-125812
426153
-166978
-130361
-87776
87603
132187
187780
-394779
418930
-26970
306198
-311317
-498637
-156501
-10835
-407947
339287
-159687
-221321
-446435
22865
-308975
438139
-334919
138516
321844
-62561
276762
-115534
90255
6954
-54372
-439606
-322738
239772
-364775
231173
397613
-113029
-216262
-166206
-51401
-303346
351987
230849
12614
-237692
-295666
-90078
135167
-235580
400953
491766
130359
-353219
431697
483631
201438
454069
-266117
141487
-345147
90225
118005
-181758
-238292
-262448
404102
31259
472681
-140639
-225131
-314025
-439040
-133096
-95715
159951
465106
-2502
456108
-475303
215592
-461630
-400598
-19359
-153034
-308149
2291
35450
429369
268315
-195314
29884
332855
166239
-175807
302602
179961
320123
-72984
225833
377521
-450080
87899
-72768
438930
-69088
181438
-414982
-422675
14381
285071
71124
446639
-167564
-320334
-260692
447696
-419379
-297426
397139
360545
209842
423201
-481188
416878
-37356
167048
39133
-150513
-459688
466851
-252185
-364902
116360
355897
461355
-218584
168755
179018
214129
202663
498375
-94886
290804
473369
-66328
126016
224463
-92396
-147774
-53746
272231
-67337
470525
-274471
-317323
-28901
151462
-416523
-350072
-176590
260904
-457245
-157313
-218826
-338215
-45123
-194796
-359690
-112077
-172029
310435
320813
238739
-199673
242011
-293133
166141
-464123
436517
-484436
360904
-141113
-122964
-450410
-156137
-292409
385078
151987
-25803
-182712
467930
114833
-497898
-403764
457012
263199
192665
-32312
-169868
158102
-217551
212475
74648
189402
254900
93898
-101673
368470
-90664
-410793
-384432
471990
105486
-288688
261086
54885
-37798
479275
-103306
460064
309352
-304804
153107
322376
238998
129491
133567
138177
412728
61057
-465132
-350960
88950
5849
-159422
-64988
395538
-280450
213502
-400915
206658
435077
137360
-150782
124956
59102
135479
-333095
314265
-100039
-230806
242022
-170997
102910
400262
-390284
121489
122067
-152455
-304545
416351
488432
380918
-426766
-205993
323739
-105536
-323363
-376331
146336
80641
328244
-13571
263772
-444323
-122858
110729
53589
-129986
387217
460605
14747
-335489
-412643
-87503
303586
-69754
-45625
-473069
-236250
-98219
186882
-208525
404133
-341769
-383164
-438569
-478153
132724
-180626
398013
317642
-380754
-196790
141262
-418386
291654
-160618
-387355
-189731
299155
409333
387963
-436318
327712
499089
1239
267094
-156913
97760
117883
-455823
29522
-275630
382237
355981
-279543
40942
66546
-281071
-410184
484473
-462819
-474939
-337045
-37535
-187724
140404
-51861
347624
38275
115817
248295
294092
-136268
-84839
-315067
-76223
-210037
-433096
-293818
-450041
482125
-103543
-107029
201470
-276036
-259761
181993
-174882
278269
498158
206403
-472607
114667
-109970
53547
-378953
69858
210227
258329
250526
-91746
-141175
458264
175623
445830
394460
25310
380886
438018
-481713
377237
433741
-494592
158662
24243
356800
-313684
12354
266953
180392
-114845
-394466
54948
426531
-314771
484251
-210829
31540
474408
46854
463068
-340393
323917
89403
-200078
15168
-204370
387058
63155
-430380
-432430
369711
-169122
-254363
-135058
263788
-170290
201041
265597
-61731
405367
409117
-304801
-193492
250931
481917
-318694
-423458
445085
-142829
-130572
-397384
-302739
-183993
-172664
-466432
-6926
-317250
466360
-423627
-481957
411151
-17950
281064
103180
-186578
-300405
355103
199260
319779
-280989
-294546
-268477
444735
-169875
178202
432539
13160
359798
-327694
229388
-16780
81280
-16506
23569
252993
183903
64091
-422442
-168688
258034
-149944
-345170
428059
214044
437964
-327261
484091
-193626
217071
-140756
-474301
-265282
200764
170120
107742
-389632
328219
-296120
96348
-36630
483976
-206630
293655
241591
-102723
178559
-158478
448248
-489175
-370275
248331
107471
347631
-239440
-257101
-81954
124169
-393951
483375
-253310
-272295
103323
37509
-16175
486785
469186
129029
-438945
54569
-491451
-96508
108345
-344935
-143377
-183062
-195758
450349
-102117
197824
-381290
-97494
-32331
-341810
92856
-77160
214406
-116938
-151261
365529
394456
-197810
-166089
482517
-204168
-40225
-334369
302225
-329164
-497721
-216407
219741
405679
-113101
358263
236642
210321
-400073
-177486
-291848
316042
-154383
71838
294498
-446239
383985
-409035
367641
-458880
-114531
296134
17450
-276895
-249509
-352431
271857
-318491
-397816
-179937
-142813
245657
385306
-314379
-108774
-164847
231093
230253
-453118
323498
-467787
73514
25491
-331391
-125433
99580
-81394
-164650
-157409
-39697
122699
129066
446445
458673
-200709
92066
-14123
-405303
330998
460425
-145436
-427546
126374
-314255
11948
-300329
-209865
122923
-67126
-21165
161188
-236672
98857
-275127
-466349
3772
233346
411937
46089
56715
351368
15281
177861
-458539
96324
473270
12472
16835
210981
-366721
221493
-416924
86834
18763
-146036
381314
-33937
-498699
-258289
187797
-49488
339308
-392910
-309444
-310230
425305
-143266
200333
-199724
338960
-82371
-395433
192671
226252
43057
-139541
-126377
-168193
-449086
164968
-200144
-291096
-29689
134337
182809
-467539
-165153
126006
-42663
103676
-353559
269626
265669
-178425
-396618
-363439
-88995
51310
-332949
457136
-52848
-417118
-206853
463282
235765
24893
142541
294845
283434
-116274
-449513
-267812
114798
-406452
-389766
-324644
-163207
-394875
-65209
380381
-248203
347653
423408
267931
-140657
-171719
71224
481362
-413685
275023
361487
258734
183154
421874
-187445
-490153
-383807
163824
378229
393579
427450
-406315
-256212
293857
-400613
18910
-253160
312268
-367833
-162596
265644
18395
310699
378187
-229046
-80194
382295
325792
-481651
-351595
-278300
197646
483601
-342420
-11858
27152
333833
190376
27853
-75079
-428328
-79466
-211950
226855
427600
195240
17461
-461581
-416755
-352409
97389
-364673
-314637
-329285
-188119
18516
250028
309710
-51538
-40144
141866
487684
130795
-297851
-398878
-54697
-417878
-262756
-38630
-232375
-220160
-299984
-267574
-423951
-446246
-242977
348900
-358117
302323
58786
402338
469249
472640
395641
-438933
79040
-265147
-383299
184525
-135416
53859
-213976
5193
410272
-68561
311307
353798
259313
-370437
133625
-132192
-25082
-138948
-72032
-205375
-61028
69329
-148280
-251853
-309183
93678
316629
-15973
430180
-207244
349381
-314064
-352361
-183744
-495566
103290
-157532
98240
-198444
146911
-357534
423436
-62886
-210239
344538
342429
432914
94027
-103317
404270
435244
358614
-167559
274157
284515
423000
176361
-377000
-319339
440473
22416
328043
249768
-349964
442385
249547
100199
383016
-113377
-410926
-178012
115974
353043
-477800
334534
148012
268196
96950
-9649
34716
-207160
-190631
239744
-3843
26248
217240
-461039
-249662
-268984
38882
-130837
-467775
-431318
-352463
-44533
433156
122259
294120
317710
284356
-370127
278744
294102
-431411
-378828
232913
-8779
75199
427245
341277
141520
268596
-52920
-292381
499083
98321
121733
301222
328313
392556
-457944
374548
-450546
-178472
38645
-136481
115691
409653
-282066
-314749
-117639
260034
77722
175209
238947
-359290
-49692
95430
-47242
-478435
62970
23726
-228024
421257
-34195
-369381
90629
218899
-131197
479782
-88717
-9086
192070
-49559
-52487
-430027
-295779
234092
250410
182750
49299
145289
-420652
324864
-334965
-220919
-281579
496008
65937
138138
86570
-365272
-401507
-383011
462625
-378304
-50234
466227
-355277
147077
-348006
-479011
11019
115617
202129
-146305
-169968
-207957
336492
-378246
-132233
-384908
63607
-477036
29784
100936
469270
40258
-446616
-406430
-166195
456851
-338610
-331119
116440
421284
-383211
482487
371105
360726
472681
-216685
451014
59098
84296
-455576
-259200
45420
185651
-331074
143116
430861
352520
-420092
17847
312579
-119352
-441331
-227579
-273105
-107059
398261
155484
113406
308798
-479173
-219955
-371825
-300033
-449883
-196875
-327757
206210
153699
408460
119786
87603
-258022
318625
273026
-184695
-404563
216256
-405474
296663
235548
-430787
138128
149747
7969
291831
-31361
68120
419378
23623
302276
-118926
-57375
-64240
-215191
9001
-60548
-276537
201345
-335077
139434
-458425
145050
90132
-289263
300642
-152329
-230720
282001
-447456
205756
-288928
292779
119239
476711
471131
200103
57982
-355690
-178461
-94673
319682
382228
388028
120991
334005
-64215
485895
-2243
-353595
94383
-32590
221790
-491205
389458
31519
315601
-42443
-37364
319923
-252763
361300
288253
373732
420251
212270
447511
-472246
-205246
235708
-481711
110896
-398087
-359042
-448411
215783
-28732
431800
-89838
-203460
-16664
130659
6551
-243510
311719
57891
294154
312175
-269309
289945
113387
114910
-195071
-242753
-499501
145519
477481
-424518
-223001
-33079
-75439
466339
412874
-96357
-40250
-283297
278088
415727
-10684
-457932
295067
434777
-274084
437325
-167598
-29862
-27499
153474
-140365
28933
7498
-452967
-341290
179121
444757
-155118
-368240
18554
345140
413991
-432533
-340358
-272701
346960
435929
262106
-246815
-270234
-318819
-30173
193472
-458253
-211745
356839
388575
-58324
-430545
210152
17115
-416684
158252
315241
-378896
367473
-293460
-452766
-483709
356530
-193896
214164
-427932
-333762
-123157
233615
123118
201114
269795
-114123
220608
-254526
-313951
-233837
109856
-423630
-415566
110029
315772
-363497
-189455
312432
403233
292107
74889
208245
-182955
319359
-498610
-143644
367335
-72481
181265
299598
48044
-317969
400351
315761
-420905
-132325
431866
392841
-68306
434207
433838
-68967
64932
-402876
1523
-195270
196841
-271985
-396323
-220116
-211834
-479089
345044
442571
394595
441973
187240
-276135
-264817
401696
390723
-354015
-356566
212600
-317596
187939
-166345
-70062
293134
-435028
233106
-5540
-246786
-82192
-297894
370243
-264225
-215299
-258648
314999
-489285
50470
346737
149448
274957
-446356
433162
14417
124633
-424585
172031
-38098
-265276
231088
113593
-456138
460430
-125453
-14539
-351405
-225263
292980
199200
257282
-163549
215442
379588
-251749
120432
-242063
174998
10804
423626
406763
365621
462016
347306
-400016
-298198
132898
-20980
166623
378337
-160410
-482433
48625
419653
302422
-406097
-76357
441790
-342905
-456715
-26126
232831
388251
-17486
-174101
-486384
-6549
-376540
459826
59384
280527
312522
-475036
9934
356635
-366429
-367915
176007
268812
303532
130044
-50936
253807
-314130
-449848
76503
-237548
417367
-392576
490395
138351
14696
-459459
333997
184582
-317590
-479507
-302082
-482306
246766
445157
269042
461520
167186
95942
-102980
-87633
-135336
311486
376040
380385
-232800
-164106
203577
77798
-132077
202436
337760
-5744
-380594
-3139
313154
273032
-489738
435958
-140702
241318
171697
325859
18323
-362113
-152881
-321262
188017
-187890
47479
272439
120693
-179657
-122999
268857
-266424
-380724
341883
414835
-126045
-116695
440499
89295
482360
-163342
148320
-474411
79406
170353
-3410
-362092
185058
-422619
-8911
7885
-433658
-44874
35070
-476181
156470
355855
-100747
-156170
-286432
-374845
-358984
443681
-177497
199412
50169
302544
-67118
-132933
-308445
-468803
-281702
5946
369959
210251
37764
18520
89509
278904
-216400
92354
-187514
-305104
-277931
-498533
480449
-418547
125338
420772
283539
467158
372465
-94691
339215
-434945
331404
-58981
214415
-50048
-95316
187436
-256947
304051
-155705
78222
-181985
-359703
235835
-251358
395056
-120149
-296199
227577
-451514
-346269
116584
-189169
424458
191270
-2921
487124
-422800
-354289
-364450
497770
64529
-279222
187986
-230990
62051
-100678
296946
225014
-409850
-106476
-466302
159145
217508
446217
-242557
-235113
-444568
28200
-209014
140421
350728
-418437
-261561
481708
109702
-361009
151983
190881
176517
-254662
-193074
95650
393224
-146698
-64455
41132
155245
338813
-447559
-195917
-271502
-493410
379855
62358
400769
-252926
-314616
284532
269113
-303002
-205863
-45972
-10626
-387095
-238693
-448114
-294575
-64326
486816
-386181
-379218
324207
-154937
-357928
288047
-316379
-365949
-224880
250077
381258
-414834
-371006
-49966
263373
-142598
297931
-490905
106036
-159899
-71296
-394385
-424984
164868
-454388
199924
-49383
-236021
323299
471234
371025
-173284
476791
-468963
102044
-211772
-28355
448890
89318
253594
-22523
-72413
388708
-122860
73766
-251535
-200080
-212475
-463839
-464940
29659
456866
-460954
-475843
408372
-417126
215229
473458
-345139
-35899
76350
418332
-57933
303393
267976
-455903
85008
38747
-296350
-408682
276966
185604
191425
-389451
-47624
456256
-357340
-482498
431574
-19343
-132832
307433
268426
258613
-18249
411111
-304210
400755
163082
323004
-132176
-476700
179177
203952
-493783
267569
421656
-408022
-225833
477987
-210586
-73166
299990
151718
-30057
231456
-49752
260125
140804
223595
-13801
-185344
169169
-403026
-82221
-349565
116037
-111550
-70516
367266
212251
-39492
467971
-236372
-148430
-427182
12468
480264
-308133
255089
-279322
229345
-209815
-127174
-389718
57160
127384
283367
-318742
-218960
-287760
-485629
299220
476667
-397981
-141430
-303696
-371735
-300122
100942
456539
-293357
248710
308886
217357
-100934
-444059
461528
303188
265116
-27247
241972
-219974
211518
458082
421542
-55818
-336884
125017
81262
-400080
-219842
325910
-271059
496812
430707
29082
50016
-444897
-219129
29910
-316850
366003
348912
-156624
8839
411511
-367768
416344
-131986
-146348
-87800
52999
-462278
360213
433632
162919
-31613
152067
235549
42962
-122816
-416249
486678
132745
212867
-462128
-191547
-149708
-189
171405
411989
40013
-394388
288114
310773
-84848
157156
165426
-124127
21486
100286
-94236
487918
395695
-483954
463301
45383
42116
473716
167163
-28729
118
271178
448036
203611
-392678
-339076
-78506
315403
-191546
-448662
-298024
-12255
-51932
457326
-362935
-244713
200347
36937
287125
178970
-161900
106011
252437
265272
488512
223464
-417813
171686
-329986
-320263
-372228
-255042
-253254
52416
375165
-186883
19555
-27119
6300
-219998
333835
-310452
-468212
499783
-189925
157636
-238360
-242588
-405724
418208
-75998
-498627
-455226
-30634
91857
-12685
-353287
136181
315313
128979
-498348
-150509
325859
-366805
184928
423562
100414
-161989
-100073
-301564
345724
-334640
-212597
-183412
100009
-304850
312907
331939
-72074
394471
71264
49298
-233643
-254521
-386074
-70535
251845
-257469
-122877
-459162
285242
238602
27544
-279720
-392398
-391146
36143
-213886
442779
-231199
-27175
-143200
-114354
-400957
-211189
168527
72098
-484127
116409
-268218
267883
358106
-203935
186341
-310188
85822
-114275
389103
-497853
-144822
299830
438181
-230649
-9483
-39510
434736
-83617
51861
353664
-21879
332662
187886
181661
166859
289186
235689
379104
393129
-14251
-149632
182980
252780
-125323
-440910
271683
-100463
-237225
-140434
-323677
46629
228405
197633
329291
366276
-158787
-25511
396720
322384
-58342
-258468
-423742
-72485
-408034
398394
-335855
446389
378682
343426
-172834
-322847
94913
-94042
86637
407943
239986
-284489
351908
-111930
14444
-107023
-150107
-382053
-113435
-373329
-76023
-261551
176114
-309928
110451
298197
-498166
-349754
-386709
128363
-59056
-463443
-179361
357034
182698
-464158
-344230
185579
117033
-71526
68252
389899
393269
-143500
241039
206750
109366
121343
273758
452944
-81158
23664
305626
2958
100901
376133
225111
489191
406105
133912
-149510
452835
399494
-170335
-371170
-378230
-111735
-260660
-407629
380861
280661
22199
-365151
381345
225604
442327
142112
437614
466908
224962
-280877
116406
340079
152228
-286615
170955
-157639
98779
177045
-305322
334949
70292
-180974
-464507
-348093
169412
-469198
-113871
496982
381512
-172160
-71789
244237
477086
343854
-265636
-370163
134958
405252
455080
-185961
-459397
88033
317865
184956
-284584
-147256
-269140
-93098
269996
-307642
428395
-226837
112068
-38940
-412812
409085
-288253
178034
-66838
-217269
-318434
467923
-103718
-228046
248908
362416
362710
-259941
43595
-277663
312942
29003
108272
-172473
-349498
-10545
410640
99018
-286284
272475
-492391
-23052
478196
225334
272241
264437
-420016
82735
-264607
142226
231372
-375734
-297214
-233085
415334
300209
-369380
-177682
181765
-31160
137649
-458831
-358690
-100363
-7604
-426384
182187
117535
-224488
-379231
-416175
284494
-107824
-349696
-174029
-119769
-42758
-109224
-294362
125699
-420643
-145678
-317795
458297
-188474
31371
375287
-339713
145664
308122
456293
-435023
-112716
175653
247757
-284905
428393
342811
429780
338475
480213
-83214
-243768
256310
-290338
20975
477721
-39783
-309258
-64305
-114084
-3894
-302133
-478066
220717
172957
342871
-417125
446551
-291769
197420
353584
154489
-26129
-492705
-97886
-202441
-359627
468673
-291614
-414104
163270
46270
461183
-63781
-209681
-396825
353517
410998
274324
-364983
142535
44711
-126567
260421
89316
47320
30532
-322036
472990
434415
361408
369347
-199638
110706
409393
11584
111264
-42536
393485
19030
130073
-296231
-157714
20367
75183
-420467
-487883
-29234
-242681
-411884
-326915
341062
9036
236144
-468463
444297
37865
164876
127148
42138
435899
-301777
155273
434145
-358605
497176
-470735
57064
-183773
-5209
232256
-29311
-463812
433605
-196644
-90312
-388042
307940
-248331
-413449
-457880
-266735
-103576
-203319
107556
-300960
240134
482109
11211
-293541
-279091
-197199
13194
-7202
239397
53245
393934
363452
-424352
454774
-281402
137432
424309
-31530
-101511
-361291
42658
405066
-142502
-462291
-278018
-439607
-88995
90090
-426644
240015
-57157
88563
486717
-89015
199295
11410
-370632
-406603
45544
-303558
39024
39206
318206
-231850
-373350
-486964
181729
256914
388774
299613
43074
-403019
-397939
345079
366205
329413
-484057
-313233
258653
-33837
130221
215585
-88250
-7176
106223
221996
-99919
-350052
187169
-344013
-336467
-383131
18053
-410636
-142765
8231
300755
-255974
489305
-68256
-42024
384822
247352
86744
-4194
266426
214264
62983
233464
261640
378724
254299
-131049
-106082
275164
177257
304781
-27110
224002
-297984
145187
441544
-73691
-459848
-478789
456854
-361176
87566
301459
300559
86978
17611
289745
-166905
20393
-225792
226511
-241773
488419
-198502
-234719
463692
63295
249429
-439008
325589
36247
-57926
280890
57176
338412
-184221
-427157
-27306
324523
258933
-40268
-203120
-255303
-292917
172483
-485445
-255708
92435
39875
-35833
-7259
350481
-433797
253047
-284278
318957
-227943
-127700
338523
-99930
-356642
41263
372049
-14247
-191446
154841
-438955
-312052
371546
489321
228835
-353628
26651
30932
-339135
388396
-102157
252415
495229
267099
250576
88952
-463976
201552
410517
37014
194656
-488568
-64120
631
184026
209910
387821
-191406
6303
134367
-20100
-346033
171356
249758
-29165
-136030
-382773
-124418
478488
-31027
337038
-283449
90787
454848
-236265
-98821
460921
340360
-137568
-34068
-159439
282763
360081
-282332
-395232
-370399
221200
52820
438701
359435
83288
-182813
488162
-132409
-382144
494667
-199922
187323
190560
-302988
197045
-61928
120576
103488
-218625
-58069
-37896
-203636
-61304
68287
372363
-423018
284367
-427597
314638
449942
-379893
140944
159226
216472
-33004
-13770
154085
214656
-195256
40037
8367
179777
-199107
-136017
365146
-496969
-179341
37147
-484167
111236
-24537
-4760
412698
-342679
-475497
-460369
209375
57457
60435
-444212
-409872
-489049
-118225
348355
261588
296765
77561
-280642
-330614
386170
379630
369227
-263170
476263
210166
207833
414365
352152
-188530
221610
-20876
15958
-392811
-291532
493269
345424
-469239
85522
235742
450445
6656
6823
-283539
-190702
-73993
-288066
492873
-160313
-100750
145483
-142733
134586
-348827
-230931
-372776
-406951
-109684
127865
-49547
-22081
267904
175357
-244692
-149612
386937
-237668
-305190
412629
20632
126745
-152789
-448534
-343656
-197122
-281141
106706
-69100
-12821
-273283
214439
-221181
-483684
281066
-113691
-67887
-474680
299217
282919
-35130
396899
157264
-23240
233802
-445059
139645
202523
17082
433728
-242628
-318105
-20472
-424582
-76626
-361239
-314924
-320308
-268072
229298
122012
-302359
299950
-89222
455834
35361
-3271
304483
-160053
285622
-431824
-230589
-426430
-100413
168682
300445
229305
467457
373861
-54014
20171
-216770
-388335
442898
-110287
-219292
133084
294377
-150486
-401931
-261718
128132
-189629
483540
-474537
87594
86899
-205820
-195904
-83134
239840
-193084
2929
415345
-448586
-129007
-147240
-279563
-5497
301763
301390
-352094
-333064
159805
-6303
-102351
-201311
-353122
-53481
168994
-389476
-325203
386321
211645
65443
-384029
-443282
-480569
-200080
121663
236426
-80076
216818
323152
232003
245567
-326574
433966
15283
393347
-219686
-116378
29015
156609
235119
-236476
-24454
157643
-419969
-484714
-391091
-66803
-93897
74576
365075
-308646
-191513
-189561
304933
187217
66222
-396292
233339
132444
-333009
182920
-56836
-16498
-436988
-75840
80091
-475282
76332
343684
-2265
-124807
351789
-371824
-182060
-382016
451269
108366
360958
-260780
406181
-49103
236554
452242
65794
-473012
-301587
-278245
446663
239377
234868
-272854
301406
283896
-288740
-440841
57993
414393
-445072
-56198
454254
-193674
303201
90750
211325
349761
-64481
-474236
214047
-455351
-378429
-434753
-361829
122812
-37280
361402
-38569
-306404
-224873
-364184
418749
-11283
129859
-5019
-14151
-417128
472091
153137
210900
-183203
-179062
-488105
267657
-191878
272662
-402650
278576
-456923
19326
-456419
470776
-482288
179806
315168
-413038
238973
-322953
-135635
-169106
406275
83127
-363357
354411
-93969
-186706
475611
462928
-297366
-447786
344147
413094
-74822
311614
271059
190300
103259
-266511
408559
338775
-54511
-316615
-289874
-321436
-106118
218745
-450254
-147630
284358
162141
-29403
-305538
-199894
-471753
287786
-71204
-481468
-38408
172448
112353
-446975
238523
146345
-138436
496032
492674
-276758
92520
158971
-134731
69067
-102906
-460480
-236993
446240
82266
65018
41819
286250
-402492
-487184
-306369
-276711
-396834
207557
60693
387145
-22874
386601
345610
216135
361797
-220138
36397
-494470
-243856
-362838
233114
-107549
156815
-74423
-359759
-311133
-22087
-494017
11529
-143617
245146
-455582
-128464
1876
328767
349891
230258
430057
227065
383740
-370979
-290346
453154
234262
256202
245493
-8547
452158
399082
-481952
445684
170264
399446
-468059
-372023
421383
-398288
477176
119870
-215210
138977
173308
216150
325515
-348529
72848
421622
439815
-61942
-176535
-5181
-41602
167714
-63166
347043
296381
-413423
-172903
-455835
19583
-382006
-1276
437031
-16442
-5466
-239128
490176
168856
240559
200578
314529
-16370
-293926
130455
-461011
-212739
453921
463469
29367
-380030
255553
338377
55404
164405
16434
-464938
-210459
325247
-69193
445246
199916
270239
230986
147840
-177975
-484179
398642
242010
-32624
-415693
294231
-102065
205192
-193853
-215511
-67267
290659
-119373
-149015
339066
-271737
-165899
111134
155368
246505
466143
-131972
-75726
-368728
196763
272544
241717
-269572
262912
446503
197766
313325
-210930
172777
-247343
-22149
371289
332489
-342129
-373916
-182572
-92431
-182740
240731
173692
424184
427805
215415
-316961
166746
44522
-211782
316593
-434594
-85621
-252809
-193230
233280
475413
-394673
299764
-231583
-229273
141415
354632
270717
4322
281787
45997
-254538
-14319
-445115
370355
-486953
428157
-459562
196699
382483
-497749
-311464
405541
383616
-399584
-445361
-340150
-385291
-370178
235175
-426566
-322893
-306483
66202
-387452
-51051
134084
165157
-338330
409230
-59338
390941
-350950
250393
-227507
-392555
-201183
-81512
-327885
-317763
396611
-452754
286384
130016
285146
-55401
-26640
192049
134223
-422593
-28315
354287
484828
313529
-319200
317817
-148527
-147086
167015
-108584
-489450
276955
459529
190276
-178948
-469236
-184891
-165228
210538
-293320
-404332
-24491
241627
-175015
356626
93775
285925
-155978
-148710
-274966
-266742
287771
-421140
-23644
-65083
404093
129805
385887
-437593
412009
-146476
70124
-228908
271977
454871
45666
432270
286248
247141
-468066
51277
472304
-378011
-168425
323986
57871
468362
-326883
437548
-260148
-361514
-462047
-465714
42285
485321
76106
122242
-152918
-490682
-127355
-417894
-210596
-249423
-118309
333144
430566
21060
-105266
233491
-378156
222175
-467764
-177421
-161336
297004
-231477
-203676
157414
486466
-115006
224326
-64907
-177166
21928
209601
314163
-139082
-7005
-299261
54274
452916
-424665
162228
427047
-235039
108161
-46946
-334491
97329
-317359
112809
60839
322925
-112855
27568
195671
468447
-210922
7332
-375228
178738
-169405
-482110
88229
-25390
266205
-227646
34233
-299604
12510
-82181
-126230
28348
-309607
367442
-253490
336802
137160
486179
-246124
-77023
-224748
313136
50013
-411981
-166372
-42423
-56008
160206
-469517
-310128
291461
-434459
110174
224584
-411030
247449
-105240
-25807
55998
-96896
-19469
-116979
399267
179752
-310805
-155700
-31415
265708
-476630
-286387
-138761
361318
222576
154650
-276370
-270541
-437620
-175281
271542
-111872
93101
210855
295489
269000
373448
-485264
-61375
140538
-157044
452813
202586
-191399
-258177
250752
-304960
-179695
442819
-51592
-310726
389700
198005
-243973
174092
-367985
-216109
-419960
328244
-446521
-301843
295087
284171
143810
213186
-123819
328752
-95951
-69074
175172
125153
259427
-239391
-146493
89922
87766
384852
5328
-486745
-114432
204836
470677
273613
8649
-182799
138159
90355
-112169
367317
-338002
-170702
-4953
-499390
386755
-8781
-251650
62840
488139
-389643
-46651
222233
443672
139650
-31394
419632
285995
56172
409813
432745
-343957
-139911
-481725
438415
-265562
-197806
456523
-254018
327602
-463445
116993
-110789
-485581
204296
336647
137401
368786
-47665
-125891
-462669
472192
-14122
451971
393636
-457342
-461027
42206
40598
271250
171818
232415
-244745
-422229
439138
311448
440555
-123604
-32185
432505
-78593
411567
-307456
299889
-269411
-150857
-297630
361718
-32545
87416
150658
-133732
-140901
407205
39701
-332886
-342698
-93903
349818
485511
46422
-271052
-462295
235135
-251508
180722
169666
-136601
-107904
-116736
-95650
-311192
107477
-356706
-296273
331313
65017
-477486
197302
222269
-409714
-195143
-399816
-461535
-492941
-9535
-85119
429370
351886
-444280
-16775
-61503
305176
-271158
-120923
175814
92526
-81770
-208925
271312
-371143
-340685
409811
-176707
-178730
-472994
-189601
322137
151193
-430478
-19794
465547
191101
-156720
280332
166800
-34502
-72135
-443719
-413784
469234
-315231
-147663
254253
-489977
410506
-489562
58234
205419
-246265
269407
387046
-22334
112244
-352725
-68123
-398035
-214884
-305233
76593
-302104
-342426
280100
-2970
155675
-132036
-122412
-260461
-249506
235985
205644
-52946
-168556
87628
230771
-153586
237897
-469664
-128014
357167
-341686
465414
297868
447594
284006
-57077
360009
433426
-470371
341999
168569
406204
72975
422955
202851
-120648
-199148
-341153
96698
34200
499548
-480472
-186223
341813
383876
490055
-79397
365174
-229512
-281062
-470013
252514
489573
-228125
-11646
154152
-273895
-358865
422154
-140941
-398439
-235907
276050
100953
382743
318662
-54786
-254456
295746
-37948
165770
258202
443381
-194242
-70193
248528
-29292
169408
455675
-275562
-470112
-344765
118936
-462145
323483
-175556
137122
-315678
-280677
-125147
298284
-57080
-197612
-393247
-209572
-216992
-233862
-463633
-451862
-462624
127886
108861
-92072
341882
-79851
-358303
201731
34971
-282098
-460313
-10626
67964
481325
146473
-122483
-263082
-437452
52010
-314370
272907
480698
-258261
427593
-27708
325475
-70108
-121760
215086
462177
-220599
-158139
329167
382818
218524
-231239
437056
448409
233079
292740
23954
491728
185322
490399
93213
-437929
-22310
312262
471000
405251
297661
-339071
467568
-329676
-428313
-76913
-465848
211404
-497230
-335869
-88925
-2024
-458324
90131
304258
407899
-326874
-467039
294985
-186738
-103349
188419
-181309
432481
106672
434413
-162517
-339804
-360279
101201
499726
-274713
193790
360156
-3892
397227
-198549
-440187
53707
-482947
169624
-153331
464210
-272213
-290978
103097
11049
136691
-107
-269708
139470
268714
-282936
-361959
-197994
320713
-386843
-251348
-16211
122810
-65750
388298
177658
-23672
-232136
153526
485355
-342683
5927
-236297
338821
59372
362576
-224984
180873
230986
327390
-114066
128260
-428833
465342
-487600
-160062
-324165
423632
-244996
412940
223675
-185995
82778
-44882
-377962
-52191
145027
47208
-117714
172399
81571
199170
65594
-488252
389596
464129
196239
-453034
-42211
-32467
-355359
-231342
-396075
144127
21565
341703
413983
405750
101585
488580
-203281
-139800
483791
443870
324054
224153
-408926
89773
-52901
-483810
-434254
309781
350059
-408610
159022
134467
76397
-347932
352409
-155774
276731
-463108
62514
-434795
-28206
466809
69815
-337011
25663
-240978
-365273
-50348
-165557
29006
54281
456730
200138
42096
206288
456642
-435962
47701
-432845
85798
5071
-39713
434868
482636
282984
-168492
-435916
129265
33506
7661
327396
-334747
269444
-57581
177243
271751
375876
-186928
70694
-14273
425077
-86217
413400
297649
-307017
275319
-244369
-440677
-291637
-251438
-322929
-325993
-69430
-254037
399500
-476281
-22523
-103655
-408388
-389523
-400398
-70843
-498284
130962
390076
285742
-341455
34884
-409472
303025
285315
-292251
278517
-10918
84687
-182896
-497609
-33201
239657
13902
-212882
-401288
123250
190714
-351269
471986
176870
118739
425035
-22022
192695
-474874
-185230
-496586
171168
263082
-53404
290911
-433863
-20165
475561
188272
-257575
97736
-232931
221187
440134
19066
226888
-187345
461216
132831
234314
-485562
-366483
233523
284789
278639
-148243
305244
-258878
7526
-28745
189373
275377
443469
-20198
-115291
363724
139898
332022
150911
217241
201263
395303
129066
11719
215525
-193176
53938
479585
-256479
-120885
90521
224568
-292465
317664
-221343
41264
433173
-3440
-444510
262872
-398012
368041
432351
357036
307882
-108567
-107619
342227
358322
-324751
-303741
-116085
-206391
364779
-405628
-38283
-314669
152968
218167
438072
467254
434120
-401984
414427
-149148
492024
333102
-450278
337275
287310
-489671
-41703
1961
213384
239
69627
150188
2263
36721
-214160
125440
-52680
410216
-451975
285350
282075
234967
450424
400738
243849
-296666
16377
-318697
210875
44464
89748
-38036
-412328
107756
-302829
-497751
129328
-109485
-426201
-450669
-107129
243274
122428
-441312
-13822
-180510
21399
-160167
59608
71633
-277472
-367021
267110
64600
-247863
-278458
201584
208013
494995
358104
-173197
442350
435113
100837
43080
424726
-76392
202023
185283
90157
-488327
395047
-350670
464969
296216
1698
152567
-313161
-1473
-133585
327669
-140879
64833
-372339
-211809
214833
307618
-75278
76897
-180219
347642
-448961
-150421
-24542
135750
-270414
133021
415515
-169764
108707
-201941
-96149
-318265
476631
-321913
87517
-118110
200308
-386245
-471029
361401
-374040
-416937
-371190
2946
97974
148035
-416767
54306
-98112
467036
193470
-499327
398903
388092
-217218
-157704
-188500
-194035
-236928
-258632
455740
457706
-449660
241867
365532
215582
383149
49068
170680
21816
171838
332142
282076
421711
262036
-161897
-180473
-456663
449609
70961
-322975
-196490
458521
276170
-477405
495765
243386
-405019
341833
-55303
-452775
-339105
-129866
158910
-297117
267998
-159955
-361249
85094
194781
-48249
362858
-48485
315884
55740
-488903
-158428
-398375
-441014
108706
-426792
442625
348374
-157376
-30760
146386
369684
95095
-169479
377775
-405864
36195
-336362
-216540
-332916
251067
-113430
-243462
136546
210515
286494
-431090
-400397
-219861
187945
-79507
337171
-354963
-445026
-212678
-17529
131134
183581
1791
164596
-76279
176129
-12279
15343
107497
-361471
-64865
153092
198311
-358418
239312
316394
11655
414189
-221963
-67874
66599
-409090
215678
12669
149398
353397
199154
131206
158184
359250
70919
67671
347619
291455
463484
-291219
-92902
-373137
364532
-421932
-467461
-285582
58980
-197381
-312117
57027
146102
-193403
-98751
-353419
43907
248844
-166451
314898
54576
418970
36544
353234
389512
350190
55092
-151593
-330823
-367099
257636
-24473
-414095
333660
-29601
270026
9535
-488624
222859
-442507
-79061
277738
-370345
410298
43606
-236246
164786
-350952
481447
-438750
384572
-458532
-84063
133917
-154316
-154762
30789
139493
-111377
-422188
149768
-104337
-407087
74075
143371
232232
464487
-322342
-448024
-33801
-371332
414526
-227962
123887
400547
428018
-54088
337203
-354639
40554
372276
87717
-265806
-406347
499985
-194939
-249183
252265
422162
375643
107679
-56445
9845
464139
110936
-162490
-245358
209855
54160
140876
32301
-14887
111019
-479844
459300
-397749
467427
220764
259921
192584
-376650
-75410
-264219
178528
-261546
187521
486747
347932
433338
-33881
-258973
-12819
276688
-101959
-346920
-293100
-446302
-406808
-256383
431336
304830
-447742
-450454
-49749
-107319
349903
336603
-381136
-189956
-163309
220344
-335445
-499286
269371
12312
-324010
-69527
-411978
332406
302572
409251
105499
-65425
-132626
-12113
-410444
77213
208072
-131265
-472335
408801
-217342
330606
-137627
211339
-325789
166242
296644
114494
-203396
157771
102888
-56032
-450703
298020
25116
357054
486671
-467196
-413580
230617
-125738
45629
29141
300634
-47683
456083
326163
-412052
-116832
125335
-175897
142082
410571
-482894
150878
-457621
-441497
217451
-166005
210636
-238493
-184007
-282560
-391996
226751
-453785
200432
173561
-46847
452473
-391624
307432
379380
436417
-39321
-143729
443093
136491
178514
455252
-207472
491859
-118956
211581
-245979
13272
2331
230677
100777
-142331
193387
-26432
-9988
-462283
73198
52701
437034
-32619
233090
178183
436239
30502
327135
-116174
-79008
-105977
169446
232997
8851
269797
-117656
-1176
342724
-363463
-26218
-452716
-312268
14244
-432900
-79927
321868
-313302
-13388
-15756
-177231
235835
-498090
-358001
-187815
224737
-32507
-88766
-461354
-67000
24226
-299815
333593
-159728
-105157
292062
392998
151500
-375592
-425132
-74496
457617
-264593
-261375
117541
-207169
4690
-457563
464822
-351946
-301298
272609
-113666
-410922
-272478
480214
118005
261045
-266987
-417015
480330
-476720
73897
-317487
207778
122224
-109419
-324970
314648
-222878
-233807
124299
318138
-112147
-184646
-211287
352013
-352826
71698
391121
37925
-247989
323287
467564
-201208
203146
-373647
-296691
480453
-393369
-287339
-79839
-422223
-266453
-104274
-214122
227634
92873
306645
-323287
210267
-464513
-774
-410582
-234508
15513
-52077
496489
-191911
-376492
-152185
390502
341386
-285815
328355
-30813
-310840
259107
27758
-65807
-311826
418551
240888
-95955
-393075
-7839
-90874
-469361
328988
-395650
184425
-143646
272772
-181843
-454295
-219522
192451
-346405
170829
-61616
118368
-21426
-51569
229150
-370846
-208852
-362381
-128365
7728
240990
140484
174330
99403
-61546
311272
196697
-159884
297265
-16883
-233021
156554
262010
258366
-361524
-441543
-83084
-467518
410546
398986
187983
213225
-419164
-332818
65706
-127594
179282
-402579
69025
-13129
255857
-2543
447301
-376144
217118
217287
-282633
49985
20668
230336
-344120
160211
-137266
-474632
39970
-104559
-184935
-116280
-201008
-225874
441144
445060
-436433
-117320
39516
40205
-457298
330217
-19643
20294
-192362
163002
-497617
231636
-285894
145190
67317
243283
-198651
244070
-440705
26969
-343260
-311723
297429
52631
-286765
-64000
-476557
-424535
-76935
302925
-249509
-94212
-207
-250514
302890
130877
14656
291361
37320
-340877
284534
-286553
103931
-426062
-36709
463359
50725
-235063
-374513
-460853
-313906
-178538
-415721
164423
-17260
-249884
-179313
-218860
-488076
-18481
466213
-242894
-473866
89097
-369867
-412626
339763
220655
-116179
333611
-189389
365874
-426104
341662
96188
63875
199619
447813
234536
-166069
-102022
-384070
-5146
151279
-374930
245538
167139
-140805
-186554
-390068
-267676
23545
-310312
423231
-302406
344965
408486
362586
264681
-476603
480582
380954
71229
55152
-124908
-495371
-23454
102793
385248
-429647
-112440
-126223
-16233
-267196
476381
-472181
-164493
321591
-478911
-81169
330631
199409
-407
-241640
-348862
-487316
440200
-252967
-362583
389016
-228568
-154669
4482
-408320
321879
-305513
-147364
29219
-290279
22726
-297753
-240840
410410
-162990
-5816
-352004
302329
-78896
-357363
80044
-59610
-189378
362734
-95152
295435
-13339
-471798
180037
64392
392987
87503
-87498
-479266
-69017
451219
32209
24484
-322104
-275974
248444
-29804
-199134
-103698
-421045
71983
-435061
-564
-347237
-195206
-347965
370419
-52845
224079
-417
-169152
-178729
337315
-309250
344897
-141947
95025
277161
348279
236617
-399636
-410126
479540
-474614
412227
-122294
448198
-296677
-177841
-63965
-165865
-26399
-407534
-292727
-413155
-54280
260036
-283884
466341
-473846
39036
-104680
-370035
-414475
112787
-225606
131007
-488133
281132
-210371
-56866
342497
3762
347391
-192980
-243481
286729
5414
38365
-351680
14695
201644
250896
-213362
-184888
165926
-208554
-176418
-337491
41727
-114070
-364187
-448386
-130643
-191535
281916
-43188
-168298
451296
-79458
-246166
61223
350432
390920
-269664
424350
434652
305369
401625
429135
29487
-321132
316183
188543
55964
-367527
-136256
-138921
-405786
283988
137374
158302
433189
45287
188860
-325812
30115
264344
450163
-330941
414660
-68501
-429439
-141618
-394532
228204
-188797
97790
-277206
83609
287411
-95518
-8285
17028
289247
-175167
345966
480049
496881
-48527
-269991
-223195
234491
-230985
442579
-425582
289479
-474653
71337
-352969
263389
-493879
81920
-452947
97547
-200200
232462
-224524
-353123
-198396
-287656
-310380
-516
-119716
46016
308361
378827
480851
-225723
-74000
-150686
-476439
479981
-357814
-326092
-158259
452505
-131028
475035
-253890
-499626
-72543
-212203
370699
48674
-315750
183738
37384
377381
-288861
466662
464200
-223942
76579
-406061
227001
-307812
-221396
-278851
-232095
-207649
-253799
2171
-373689
-347666
327784
-86764
448279
-90899
425175
300584
-330323
-406608
-230683
268278
331929
-127462
-428688
-176306
296040
418034
139628
287813
344532
-278476
294709
-256474
-294442
103554
-365584
-373486
197942
-288592
289351
30672
491127
260661
382639
-238956
-366804
102580
74485
-234271
-442221
-44950
445080
433338
-138853
302920
154461
387762
-352324
-187123
-161274
141003
-340520
-261279
338335
400885
-112440
-450604
-104802
488761
-301671
352164
123274
46805
435731
25398
-178249
90289
381110
115486
278096
-2177
-169453
-183570
-42308
-87675
-289781
137845
178563
-367242
-298404
-415132
113955
-457959
-450354
200636
-4937
407057
439758
-353064
-494040
-429568
-105825
-343327
46420
-383572
-104283
373582
-259393
111281
329907
-89239
-499659
345133
-310598
-243214
-452748
-73191
-9032
-478743
-10702
-377516
-228517
183990
-117160
415449
-36775
396908
-57899
160412
-281848
467714
-404548
-254524
-139133
-450683
-482820
343590
-129085
21493
-389467
-156377
419292
277861
-236996
-40264
-480185
-288555
-234714
248807
379985
-438539
110149
-158857
-373653
282245
-116000
285012
455397
-177614
-90168
-275083
478638
326740
-424257
-288695
55538
451615
-93265
58763
-295664
-18612
33578
275885
-34945
-47628
451983
-38942
-445228
195981
-158700
-398531
249714
437833
-45534
-246943
-379944
457868
-314286
-139793
104460
-158216
274361
216333
298684
-115299
295345
-45817
-10078
-203443
403860
370780
283699
-207818
-184975
71080
-415977
-491685
184063
225782
-109374
-281606
345894
-91814
256132
327529
-218917
-57673
70570
187092
-244232
-101848
204350
342120
246167
23486
183990
82078
253572
-20103
361201
-470696
372368
87728
155202
248709
65037
-332564
41075
-351726
-14765
436864
203124
-197397
253747
226055
59746
-482409
143346
59051
388257
-4401
-243563
-408345
-348886
-280770
-348987
-434324
313489
25640
394811
322461
-136679
-148865
-208751
381447
-412145
357643
44908
115154
233813
246886
162936
-136580
462979
-294176
-377834
95322
410021
477036
138227
117107
-134845
365524
45296
205410
286326
243651
133423
319772
402518
117588
396837
-482492
-422825
12319
-86081
11158
476157
-167242
365466
367364
-250140
-112723
-286596
-44655
-49067
-327119
-30552
-151312
371367
-292814
264601
-185401
226747
-144453
141751
191761
114143
-235442
-244040
-137725
144860
-32953
379250
294670
-205925
-208427
-124879
358664
323080
367257
-258459
-56438
425554
-496812
470941
433593
473672
-76661
9226
466766
-65405
85990
-281577
-83455
-153375
498533
-322059
219371
131842
-43665
120459
-39876
168938
340050
201426
-450990
131487
302928
124076
-348057
217965
227979
197242
148616
247202
476554
-400699
263182
-205149
429955
-78121
315165
-376626
-462146
346564
486970
268042
-214670
392023
-283305
93705
-127923
-469505
488880
241178
106083
91117
-275979
393486
306290
-298497
480237
367020
448243
-403549
-99111
-17633
155713
-57912
-221550
245209
25514
126738
-150346
-402710
-424523
-400255
-80157
27847
-222775
159497
-98185
470748
-60435
-191959
151877
-430272
-19566
132239
211274
-206780
-371718
142182
-167315
126186
442480
-277396
479145
-298535
-240389
-271735
-216451
334003
442903
186583
483763
337221
325592
201027
313805
-332883
-482302
-190786
-73755
21822
-198332
-20061
240598
-191004
-460446
-487910
406789
130627
142328
158579
-355819
457487
375747
421311
-437602
-495202
-340360
464138
471471
-368391
308148
-461329
45190
-167033
74750
-370382
386890
-329605
-161520
-223294
362338
-490628
256226
340975
349168
488809
-472124
47148
156569
-39815
447600
129829
248981
232699
-65371
108301
363132
-329576
-309701
431484
-72168
499800
-296926
-137850
186710
-214114
-81295
439643
458995
-396779
-421
-405215
238250
-139912
-488931
-245229
308863
364093
-217135
256541
453603
64825
480627
-450006
-216845
381304
119405
335572
-306937
-293551
120396
214950
247434
-8911
294517
-312782
-373008
240612
-464567
343226
201516
-365103
-325594
-494857
142175
-402875
457544
-323151
-262958
-224811
-294758
311494
-271112
126858
-210368
309073
434573
-67290
256777
105466
-110082
-98798
-145032
-119043
-333312
92344
-226811
-336977
-367377
485801
444841
-332444
377248
471276
237708
356048
-19092
-36178
-451010
-452407
-116314
20295
-6025
-88765
203490
368463
173167
-105326
377277
879
310192
-55784
493204
-39823
272244
267146
265380
110081
413854
43387
261172
365262
114713
-437199
33456
-125657
122786
-162266
-361495
-126420
138446
112986
314700
368032
119123
469982
391243
2724
183107
-218841
318869
385354
491407
-445234
-181878
-100136
-223661
285252
-266648
190541
123398
-464713
-294848
278486
159525
184565
478772
-483820
177429
-215734
486376
-261540
134845
-115890
-242259
393403
-211762
338577
120763
-352340
379534
6515
-454484
-289263
-449028
-458398
351015
101822
-206893
-108827
16265
-296427
249116
307394
94162
-499157
-360258
-341722
498865
478155
-217062
-71871
171077
-436086
477825
-466215
34531
-429578
-304587
424647
-269579
202800
158593
-11707
-86436
-187027
-446710
-196107
-398703
358381
-411857
-5972
-217615
-204871
240984
-307464
453242
-202577
429050
-90017
153607
81524
-284293
99669
331202
223459
199238
187424
140486
-136445
-455067
63274
-131457
262648
130343
-365575
-299815
315244
-242054
377930
-75431
422057
-495796
-359019
167282
-41949
-365469
394025
-291028
-467974
29501
-483382
277657
-466486
-326029
206677
-447017
-129289
-325764
432263
368362
-438534
47707
81749
-107602
-79738
280988
304204
-439033
-155411
487264
146160
-335409
-316137
251089
287626
437841
489416
-104328
346040
210776
-336698
-46356
470223
152871
95949
-151929
126851
-251407
-93438
-466834
431011
241405
-200284
-36411
144162
-235909
-30238
-190701
-335895
349522
321798
427437
404635
174237
148313
440809
-493314
218849
-97913
-419133
270760
57846
-163915
-99027
-311944
242719
292414
-188572
-366712
489701
494122
121057
-22291
-247734
-479618
289459
-11553
-95150
189482
-265950
299671
-352546
-172341
-86309
297730
241487
-58810
78782
70418
-412014
-229974
-256005
220149
19334
225872
114131
62946
94552
-340119
-358376
-236258
-317338
-31205
317288
-220702
296945
33100
448932
-28271
-467203
263450
-489602
-246080
224077
162007
218801
402610
-124669
264123
-57736
-488918
377932
-187313
-5111
211738
-386867
-248452
-399580
-1577
390655
71815
-289601
-215532
-261168
401164
424451
-39051
-16321
-385188
246687
180000
423899
318149
352162
492419
180419
-256239
104469
419008
876
50047
215573
389017
-183290
394559
45915
304715
-128781
78236
-42242
-26028
-393479
-95321
377469
466006
388650
-373453
480380
-314367
-59325
249068
-430531
-300184
100339
-277810
396753
-10649
298715
364094
-420157
-61690
124940
38840
113229
206372
278537
165940
428821
-267680
355109
-384970
323591
311653
-273738
-191462
-6610
238689
74979
197302
96110
-95834
-7992
-297863
-182221
18090
-41358
7034
119177
439120
312580
148166
47267
231290
297710
-391467
-182929
-392521
177730
355765
97077
-320364
-128593
-452997
-249421
-411280
-66828
214181
-185132
256032
-64973
-107941
-466859
-427823
-76091
-94101
134612
310959
52310
-304537
-464041
-349263
-268651
-494083
-172155
363125
-479844
192465
-277302
251143
-134573
341977
309983
-104034
113892
83277
49839
-237515
-279662
-282461
-2394
-320262
485161
-429255
187452
-347582
374954
-373007
152990
-380483
319972
-440277
242
220018
104991
-166933
391717
120097
337067
87816
41524
243167
229556
-473643
-363933
470615
209061
-135308
438084
103882
-350557
303630
144304
-123700
-415478
-81871
365593
-267086
-312172
90702
359079
-347538
227570
-74749
-171664
482384
-126186
-253111
-241597
312111
474611
-28776
-42917
-468034
-89986
-378622
-36815
-410246
-96861
-395982
493560
-146317
92807
-404270
102316
-112921
-217878
384802
80187
-123018
439041
-201446
-355114
26625
77919
-2465
-112643
295736
-180471
-44651
-236421
313246
-306049
-256291
369169
2729
-279409
408713
-247781
104816
-239258
-59429
496625
400462
276661
-437137
-407029
-345346
-356090
-189675
-481112
-234251
358447
186111
-343132
247009
-213906
126262
-422324
229909
328763
220055
-274569
-133791
76463
-80388
-350422
63055
-327913
-211260
-327258
39743
-320989
237639
274833
-187231
-31104
-184855
203530
-23812
-51574
208202
-126625
225407
402395
-146062
-271069
-89223
-313670
117166
440395
-303312
30188
-50048
53079
-308354
-357364
429262
275124
466017
-285478
-205898
-235876
294111
-221016
68333
120566
-56098
32872
-458236
475156
197377
386697
195064
-2715
251354
-383015
180509
463477
-297903
224087
-127369
-208454
427091
334316
146881
-306189
235771
43862
-458016
-253580
-498074
389307
302957
168819
127033
438224
-350088
104618
434213
422543
422922
391386
153407
302179
168644
-447142
277118
-234211
-360078
393510
144455
-231296
-225252
237556
-105117
194936
449675
364367
372507
-317057
-15726
-443330
292796
443208
400650
494205
-165068
-162514
-426626
-381592
60920
-486993
328571
86153
-223480
-230073
-324224
480329
-313814
256905
183251
-309318
167067
-386500
419309
92135
275970
-95574
409191
403143
422772
460703
-348231
191075
347455
178771
-448403
430919
63239
451386
-185226
-459675
3990
111439
99185
-160537
-491615
-379940
81492
301676
-394385
-103368
338721
-242609
80382
-215406
402304
468954
183293
307860
382123
-118971
-338659
-380630
-291231
370685
296114
-308236
12973
138197
444321
497247
485654
-56596
-101269
-220491
208013
-290230
-382819
-97684
-55863
363425
-396074
295916
385520
-40658
14961
144926
-384757
236700
471061
-35734
-140597
-342015
-407942
230368
23761
-260554
-205943
-10633
-896
289952
-207151
-175023
-79088
431906
176203
-343748
283079
8764
160682
-107424
89364
-19267
-278442
478890
-439270
-370252
-248957
360116
-427460
-484430
63186
378514
455579
-111544
450060
-384988
494579
-127815
-268024
-206905
31631
491684
471103
-26182
357610
383602
-148107
-422036
-259793
-489909
398839
173966
-90633
62111
398233
-253869
-213109
-72129
-882
-381701
-348437
-414745
-196625
113819
42528
-145226
-340308
-172013
456191
493154
-145141
-403858
-53258
-154045
-82541
116191
-297809
-14840
-467971
-91132
69423
-159681
418202
476735
-243474
285065
184623
192999
-282491
-230869
-434192
354581
47070
-159920
226502
295013
-163875
-339549
103959
-147463
289230
327389
398507
227188
-331007
377854
256776
-337357
-97898
60190
-292401
86325
-89673
-320173
278941
-273978
-458551
111523
223666
-119256
-283281
-414097
24177
47822
344666
-276407
-104400
37552
-314550
-362746
-278355
60987
-95368
238344
-277931
361807
-49966
121037
365658
-236615
-77756
-200887
-24337
491206
441792
-40218
-55568
231414
-282023
-410217
-183272
-145489
-101847
-304128
156908
-332877
141852
-23928
343734
-169422
200132
464027
-179727
334061
14400
-159264
265940
-468921
-454401
215913
438614
-467423
32196
251778
-439842
283824
281972
213811
-205606
-383857
31797
-349473
-357261
-247532
-403392
53255
-269718
-230362
-191161
30824
472875
170392
92665
-164913
-299235
-467959
170172
134368
203053
-96070
-58610
16235
425063
-137855
469894
-455244
236152
70659
-172872
-195270
303556
-461711
103114
63541
389044
-368540
254548
200616
-351776
-418424
260964
-24029
-148088
-396214
-264017
183674
-124371
-498834
387039
-237736
104346
-248043
-257870
286681
174077
-340890
-382744
458740
-495398
-443087
337248
101797
-295767
75728
198727
211149
15911
-269577
-327109
-335325
408540
-440007
15789
-281767
89423
155667
125906
-47563
94264
-192913
317982
-413794
-489439
155897
471705
210878
-404670
-306677
363172
-282561
-201164
-315106
395479
-157548
491928
255118
-52081
199695
-253239
-86491
446512
80587
-11122
28141
-427253
-45030
-115361
455453
129558
-305369
-484986
-317879
290418
-19166
-295266
-346567
-413860
284140
326353
229979
402062
172448
408709
186412
455113
-364626
-444735
-445451
-268815
-192727
62953
469132
-439839
470939
-387807
304589
-269193
429103
-495866
-405149
-392056
-137235
-96431
179437
161103
303445
414414
103510
344301
-432900
-21804
-368004
-36938
251393
372735
-392394
-49534
314694
-363068
214306
480778
178921
306329
-465871
-246677
-461111
7657
400721
-432613
-247507
-134609
-148825
51341
102380
389209
-31479
-63140
-283949
125244
254002
-264012
359641
73730
194908
-482584
-414307
-139671
438018
205318
8966
464418
-211365
-161573
-34702
-368293
106896
-291600
466269
-145373
-496488
192593
404961
-49338
-73509
-465551
143956
-118816
171030
321142
398845
425106
256431
300422
216620
458756
-303251
329351
185087
-418769
-395109
465916
-21462
-436894
338129
-458199
377144
-196915
-469597
102404
-487859
470372
41649
-122958
-139800
5338
327344
419395
-209731
-110638
-140598
195908
-237026
-276862
-475840
-48727
-348798
-99292
-295945
-225251
26730
-86417
-352236
451540
427815
-47879
-442496
-299742
65392
-291829
-191855
496958
335552
445609
456961
47743
302971
310722
162866
-130273
415643
-232236
25457
-293838
-59062
-143563
-361347
10535
464057
322599
258614
357921
125051
40123
-81266
449196
-104339
244274
497954
398438
116337
-219790
-174299
-228334
275089
456179
269618
390037
-136311
-96230
-123010
168774
101394
-32458
-360075
-332773
383634
-66893
272428
187175
-158007
-304842
475674
455699
474316
-294711
195291
366661
493490
218644
140807
-371523
234632
367896
188293
-326181
54319
109644
-346789
151916
131384
-147443
305250
-159265
-336197
32258
-466242
-14472
-73990
371651
-461439
5076
-96572
-313943
-69901
-163833
373282
-38537
-307788
138681
-123895
-40560
-83866
247220
-78489
21204
410472
-87919
-263432
162945
-440116
224522
132092
464309
156973
388177
199410
-22681
-460091
-6958
-315811
236279
243283
-329342
47010
423453
387760
-253660
-302709
-10070
-378103
332907
100851
-154210
439830
-433400
10342
-288676
-58528
-273967
-262534
-10615
350690
370307
-306820
169558
90455
-460400
-346609
290055
-68251
413563
197784
-152651
-71492
78859
-70226
321817
-337841
-291591
-184369
189975
369666
-407261
-226684
365848
364238
227251
-92720
-151305
-28276
-254622
86100
-443303
-73040
429269
490358
-312306
49396
36179
-184334
258324
185220
62346
31724
-72021
498766
-414711
-237692
228907
229741
24886
-161015
141567
461439
-435010
47514
-471602
-24873
-235863
-225505
-114757
-400712
101415
120319
-60447
-222604
381819
-204986
-453064
28934
-164192
-429874
304725
331693
-385941
60590
432449
310988
-391521
281330
217222
22848
-483191
400254
-143629
297713
-448074
-12073
-433958
428661
-221350
341867
-366404
-354905
157411
-404925
-148827
-186681
63723
-411169
434767
-433973
-249021
152762
-150580
-110048
-26342
470505
322896
-200866
87994
-47260
434690
-485848
283354
250348
-437796
-354463
387036
-215826
442741
-61732
-459703
407044
-103672
-236739
160188
276210
483752
315458
364387
270662
-238304
327024
76795
179933
-17213
201275
238377
-211392
-62604
-435271
-8379
-43136
170455
488683
-461394
-177019
76494
128494
-107490
-228620
90985
-371911
280804
61032
-156154
204114
-16263
-318325
389874
-233522
-200425
-237751
-216873
-92898
41785
370545
293983
175941
196344
406096
306889
338460
-94463
421911
-426544
392871
-105891
29144
-103243
-410454
349926
218476
49624
270745
236873
-138467
270660
-197514
108002
-382432
-208547
387146
322828
346509
-358575
243781
403622
496700
405976
402535
138582
-57015
387873
-55589
-134011
-167845
381636
-37945
-268614
-285192
-169967
-402495
-326744
-442431
-384170
-165960
-264341
-490555
65906
120757
-172600
58750
53171
151139
-231728
-463337
288585
76716
497188
216028
-111849
-27194
-38787
-141915
-464926
25754
-1147
113678
246949
-30614
-267
474236
-141245
-407681
401130
213094
267544
-27001
89897
332539
-226458
-391765
-240074
145266
362577
-146532
477772
-465075
-49690
-97908
336918
198614
-80585
-190487
14047
393411
-352261
-296390
113171
3367
-134095
-493142
331865
-161831
310248
366087
457412
393577
-299042
-496881
-434996
-371616
450829
-204426
-370382
-101494
-268095
119693
270733
287509
-459551
409816
373079
-220239
220330
191038
480201
-85010
119152
453004
283393
135060
-70326
-477755
305564
358327
-108449
-461846
86462
193724
-363799
103795
13989
462594
492210
182191
94831
-183462
-140694
-101520
-238434
-343799
-398380
469218
-360640
311278
-322668
291835
292370
423784
92485
-174849
-218004
122214
-379509
-490425
315495
93463
-58613
52474
-118380
427706
-299354
303532
-33889
171143
396220
178808
-252256
429730
148118
-296685
441137
-331656
494539
-281023
492637
321495
474632
336665
-78172
-152380
87837
433546
15417
205548
-305313
51932
-312518
442435
-492118
-202991
-113965
-256418
-380525
449222
340293
253233
164660
-29594
-77481
-49783
-446988
141641
245130
201003
-150621
-85628
-284537
-470935
7182
372935
-227735
-397936
-63979
301871
-55778
177313
-325060
-397220
187974
-349567
-341212
-460842
396278
-4924
-252443
407529
-388663
-201872
-456515
-79266
381481
341661
17420
383180
380310
975
452047
134059
224616
135230
121118
285727
321107
-64952
-230483
-335765
93624
-101025
46641
-102191
-61095
-340494
241979
-320943
-200923
359642
118592
268352
270569
-19098
-289034
161294
-110557
470304
205293
135624
23166
-441763
-102238
272810
-134270
36775
408563
461938
-247838
-297702
231525
-413493
411007
-316951
130264
-366182
-238062
-122016
164271
17168
-195455
345174
-77172
-345802
-422422
-322105
328390
-168901
281717
143676
239132
-223291
474364
199457
-446887
57524
134819
467816
-342572
37330
67464
-77548
-307178
43452
-454972
237724
-194286
58279
-55341
194212
38564
-123770
-185320
-390051
-333763
-267312
-204227
-24667
95792
413586
344823
-333981
-405863
269591
-439939
-169368
-115419
215018
-278570
-370010
221006
74787
-355875
161953
67620
-77115
411395
-310839
28945
180159
-177009
138831
-40005
-425313
-59971
468668
-396629
417564
269358
-74488
120519
-421672
373762
313807
381253
-339427
189416
319079
479826
330405
-324562
-43674
29440
-499270
-178306
-442418
-93823
342601
498686
169952
-217539
364922
10507
350081
300252
-232468
-58464
305421
-412997
384379
437052
-177296
-44375
-406286
-32103
-333497
-296780
-424905
408948
-454821
-312728
-84679
429417
224166
-45876
-172651
105992
360828
-279460
-285403
45208
373407
458543
473787
370877
295676
475670
-63735
-406334
24683
24418
-438377
275814
-267860
192504
-97970
-171484
-55064
228595
367453
111870
-7417
-271901
29152
135617
345154
-92912
20335
-380702
-125445
-148814
242333
-123294
167448
-273923
228925
329247
-340230
443282
-247219
234427
202914
395124
72216
-92624
109192
95487
-105493
-410762
451083
-323718
-386164
-314459
466619
-247553
-227621
61902
-68894
356888
-470962
9761
442858
-371165
316534
-389159
1935
-62049
356398
461064
324046
-222121
340995
-171173
216807
137308
-93060
-103573
306092
-280208
-288005
335820
-143387
137247
-260299
256572
47356
-184947
103166
366740
-208504
306846
-125227
176984
0
0
0